,Section_1,Section_2,Section_3,Section_4,Section_5,Section_6,Section_7,Section_8,Section_9,Section_10
Altri settori,0.75,0.91,0.78,0.7,0.58,0.92,0.4,0.65,0.84,0.88
Calcio,0.46,0.63,0.57,0.3,0.17,0.58,0.1,0.04,0.15,0.1
Energia,1.0,0.94,0.87,0.73,0.45,0.66,,0.67,0.9,0.92
Fashion,0.44,0.67,0.54,0.3,0.27,0.47,0.2,0.2,0.28,0.25
Finanziario,0.76,0.88,0.77,0.58,0.42,0.75,0.3,0.6,0.55,0.65
Food,0.54,0.53,0.53,0.34,0.3,0.43,0.0,0.34,0.32,0.1
Industria,0.83,0.64,0.69,0.75,0.39,0.61,0.2,0.6,0.44,0.67
Meccanica,0.54,0.65,0.62,0.49,0.27,0.33,0.38,0.36,0.38,0.2
Partecipate dallo Stato,0.78,0.92,0.71,0.69,0.42,0.8,0.0,0.38,0.56,0.2
Telefonia,0.74,0.9,0.82,0.59,0.58,0.76,0.1,0.64,0.8,0.7
Top brand,0.54,0.58,0.66,0.58,0.44,0.61,0.15,0.26,0.37,0.1
