Company_Name,Score_1_1,Score_1_2,Score_1_3,Score_1_4,Score_1_5,Score_2_1,Score_2_2,Score_2_3,Score_2_4,Score_2_5,Score_2_6,Score_2_7,Score_2_8,Score_2_9,Score_3_1,Score_3_2,Score_3_3,Score_3_4,Score_3_5,Score_3_6,Score_3_7,Score_3_8,Score_3_9,Score_4_1,Score_4_2,Score_4_3,Score_4_4,Score_4_5,Score_4_6,Score_4_7,Score_4_8,Score_4_9,Score_4_10,Score_5_1,Score_5_2,Score_5_3,Score_5_4,Score_5_5,Score_5_6,Score_6_1,Score_6_2,Score_6_3,Score_6_4,Score_6_5,Score_6_6,Score_7_1,Score_7_2,Score_7_3,Score_7_4,Score_8_1,Score_8_2,Score_8_3,Score_8_4,Score_8_5,Score_9_1,Score_9_2,Score_9_3,Score_9_4,Score_9_5,Score_9_6,Score_9_7,Score_9_8,Score_10_1,Score_10_2,Score_10_3,Score_10_4,Company_Sector
Abb Italia,2,2,2,2,2,2,2,1,2,2,1,0,0,0,2,1,2,2,2,2,1,1,2,2,2,1,2,2,2,0,2,2,0,0,0,0,0,0,0,3,1,1,3,2,0,1,0,1,2,1,1,0,0,0,1,1,0,1,2,2,2,2,2,2,0,0,Meccanica
Ali,0,0,0,0,0,0,0,0,0,0,0,0,0,0,0,0,0,0,0,0,0,0,0,0,0,0,0,0,0,0,0,0,0,0,0,0,0,0,0,0,0,0,0,0,0,0,0,0,0,0,0,0,0,0,0,0,0,0,0,0,0,0,0,0,0,0,Meccanica
Armani,0,0,0,0,0,0,0,0,0,0,0,0,0,0,0,0,0,0,0,0,0,0,0,0,0,0,0,0,0,0,0,0,0,0,0,0,0,0,0,0,0,0,0,0,0,0,0,0,0,0,0,0,0,0,0,0,0,0,0,0,0,0,0,0,0,0,Fashion
Barilla Holding,0,2,2,2,2,2,2,0,2,2,0,2,2,1,2,1,2,2,2,1,2,2,0,2,0,1,2,2,0,0,2,0,0,2,0,2,2,0,0,3,1,1,2,2,0,0,0,0,0,2,1,2,0,1,1,1,0,0,0,2,0,2,0,0,0,0,Food
Brembo,1,2,0,2,2,2,2,1,2,2,1,2,2,1,2,1,2,2,2,2,2,2,2,2,2,1,2,2,0,2,2,0,0,2,0,2,2,0,0,0,0,0,0,0,0,,,,,2,1,0,0,2,1,1,0,1,2,0,2,2,2,2,0,0,Meccanica
Calzedonia,0,2,0,0,1,2,2,1,2,2,0,2,2,0,2,1,2,2,0,0,1,0,0,2,0,0,2,2,0,0,2,0,0,0,0,0,0,0,0,3,0,0,0,0,0,0,0,0,0,0,0,0,0,0,0,1,0,0,0,0,0,2,0,0,0,0,Fashion
Cassa Depositi e Prestiti,0,2,0,2,2,2,2,1,2,2,2,2,2,1,2,1,2,2,2,2,1,1,0,2,0,1,0,2,0,0,2,0,0,,,,,,,3,1,1,3,2,0,,,,,2,1,2,0,0,1,1,0,1,0,0,2,2,0,0,0,0,Finanziario
Costa crociere,1,2,2,2,2,2,2,1,2,2,2,0,0,0,2,1,0,2,2,0,2,1,0,2,2,2,2,2,2,0,2,2,0,2,0,2,0,0,0,3,1,0,3,2,0,2,0,1,2,1,1,0,0,0,1,1,0,1,2,2,2,0,0,0,0,0,Top brand
Danieli & C.,0,2,0,0,1,2,1,1,2,2,1,2,2,1,2,1,2,2,2,2,0,0,0,2,0,2,0,2,0,0,2,2,0,0,0,0,0,0,0,2,1,1,0,1,0,1,2,0,0,2,1,2,2,2,1,1,0,1,0,0,0,0,0,0,0,0,Meccanica
Eni,1,2,2,2,2,2,2,2,2,2,2,2,2,1,2,1,2,2,2,2,2,2,2,2,2,1,2,2,2,2,2,2,0,2,0,2,2,0,0,3,1,1,3,2,0,,,,,2,2,2,2,1,1,1,0,1,0,2,2,2,2,2,0,0,Partecipate dallo Stato
Ferrari,0,2,0,0,1,2,1,2,0,2,0,0,0,0,2,1,2,2,2,0,1,0,0,2,2,2,2,2,2,2,2,2,0,2,0,2,2,0,0,3,1,1,0,2,0,1,0,0,0,1,1,0,0,0,1,1,0,1,0,0,2,0,0,0,0,0,Top brand
Ferrero,0,2,2,2,2,2,2,2,2,2,1,2,2,1,2,1,2,2,2,1,1,0,0,2,2,2,0,2,2,0,0,0,0,2,0,2,2,0,0,3,1,1,3,2,0,,,,,0,0,0,0,0,1,1,0,1,2,0,2,2,0,0,0,0,Food
Ferrovie dello Stato,0,2,2,2,2,2,2,1,2,2,1,2,2,1,2,1,2,2,2,0,1,1,0,2,0,2,1,2,0,0,2,2,0,2,0,2,2,0,0,3,1,1,3,2,0,,,,,1,1,2,0,0,1,1,0,1,2,0,2,2,0,0,0,0,Partecipate dallo Stato
GE Italia Holding,0,2,2,2,1,2,2,2,2,2,1,2,2,1,2,1,2,2,2,2,1,1,0,2,0,1,2,2,0,0,2,2,0,2,0,2,2,2,2,3,1,1,0,0,0,2,2,2,2,1,1,0,0,0,1,1,0,1,0,0,2,2,0,0,0,0,Meccanica
Gruppo Cremonini,0,2,0,0,2,0,0,0,0,0,0,0,0,0,2,1,1,2,1,0,1,0,0,2,0,2,0,0,0,0,0,0,0,0,0,0,0,0,0,2,0,0,0,0,0,0,0,0,0,2,1,0,0,1,1,1,0,0,0,0,0,0,0,0,0,0,Food
Gruppo GSE,0,2,2,2,2,2,2,1,2,2,1,2,2,1,2,1,2,2,2,0,1,0,0,2,1,1,1,2,0,0,2,2,0,0,2,0,0,0,0,3,1,1,3,2,0,,,,,1,0,0,0,0,1,1,0,1,2,2,2,2,0,0,0,0,Partecipate dallo Stato
Inter,0,2,0,0,0,2,2,0,1,0,1,2,0,0,2,1,1,2,2,0,0,0,0,2,0,0,0,0,0,0,0,0,0,0,0,0,0,0,0,3,0,1,0,0,0,0,0,0,0,0,0,0,0,0,0,0,0,0,0,0,0,0,0,0,0,0,Calcio
Intesa San Paolo,0,2,1,2,2,2,2,1,2,2,1,2,2,1,2,1,2,2,2,2,2,2,2,2,0,1,2,2,0,0,2,2,0,0,0,0,0,0,0,3,0,1,3,0,0,,,,,2,2,2,0,1,1,1,0,1,0,2,2,2,2,2,0,2,Finanziario
Juventus ,0,2,0,2,2,2,2,0,2,2,1,2,2,1,2,1,2,2,2,1,1,0,0,2,0,1,1,2,0,0,2,2,0,0,0,0,0,0,0,3,0,1,3,0,0,1,2,0,0,0,0,0,0,0,1,1,0,0,2,0,2,2,0,0,0,0,Calcio
Leonardo,0,2,0,2,2,2,2,1,2,2,1,2,2,1,2,1,2,2,2,2,1,1,2,2,2,1,2,2,0,2,2,2,0,2,0,2,2,0,0,3,1,1,3,2,0,,,,,1,1,0,0,1,1,1,0,1,0,0,2,2,2,2,0,0,Partecipate dallo Stato
Magneti Marelli,0,2,0,2,2,2,2,2,2,2,1,2,2,1,2,1,2,2,2,2,1,2,2,2,2,1,2,2,0,0,2,2,0,2,0,2,2,0,0,3,1,1,3,2,0,2,0,1,1,2,1,0,0,1,1,1,0,1,2,2,2,2,2,2,0,2,Altri settori
Mediaset,0,2,0,2,2,2,2,1,2,2,1,2,2,1,2,1,1,2,2,1,1,1,2,2,0,1,1,2,0,0,2,2,0,2,0,1,2,0,0,3,0,1,3,0,0,0,0,0,0,1,1,0,0,0,1,1,0,1,2,0,2,2,2,2,0,0,Top brand
A.C. Milan S.p.A.,0,2,0,0,1,2,2,1,1,0,1,2,0,0,2,1,0,2,2,0,1,0,1,2,0,0,1,0,0,0,0,0,0,2,0,2,2,0,0,3,0,1,0,0,0,0,0,0,0,0,0,0,0,0,0,0,0,0,0,0,0,0,2,0,0,0,Calcio
MSC,0,2,0,0,1,0,0,0,0,0,0,0,0,0,2,0,0,2,2,2,1,1,0,2,0,0,2,0,0,0,2,0,0,2,0,2,2,0,0,3,1,1,0,2,0,0,0,0,0,1,1,0,0,0,0,0,0,0,0,0,0,0,0,0,0,0,Top brand
Napoli,0,2,0,2,2,2,2,0,2,1,1,2,0,0,2,1,1,2,2,1,1,1,0,2,0,1,1,0,0,0,2,0,0,,,,,,,3,1,1,3,2,0,,,,,0,0,0,0,0,1,1,0,0,0,0,0,0,0,0,0,0,Calcio
OTB,0,2,0,2,2,2,2,1,2,2,1,2,2,1,2,1,2,2,2,2,1,0,2,2,0,1,1,2,0,0,2,2,0,2,0,1,2,0,0,3,1,1,3,2,0,,,,,0,0,0,0,0,1,1,0,1,0,0,2,2,2,2,0,0,Fashion
Parmalat,0,2,0,2,2,2,2,2,2,2,1,2,2,1,2,1,2,2,2,2,1,1,2,2,0,1,2,2,0,0,2,2,0,2,1,1,2,0,0,2,0,1,2,0,0,0,0,0,0,2,1,2,0,1,1,1,0,1,2,0,2,2,2,2,0,0,Food
Poste Italiane,0,2,2,2,2,2,2,2,2,2,1,2,2,1,2,1,2,2,2,0,1,1,0,2,2,1,2,2,2,2,2,0,0,2,0,1,2,0,0,2,1,1,2,2,0,0,0,0,0,2,0,0,0,0,1,1,0,1,2,0,2,2,0,0,0,0,Partecipate dallo Stato
Prada,0,2,0,2,2,2,2,1,2,2,1,2,0,1,2,1,2,2,2,2,1,0,0,0,0,0,0,0,0,0,0,0,0,2,0,2,2,0,0,3,0,1,3,0,0,,,,,2,2,2,0,0,0,0,0,0,0,0,0,0,0,0,0,0,Fashion
RAI,0,2,0,2,2,2,2,1,2,2,2,2,2,1,2,1,2,2,2,2,2,2,1,2,0,1,1,2,0,0,2,0,0,,,,,,,3,0,1,3,0,0,,,,,2,1,2,0,0,1,1,0,1,0,0,2,2,0,0,0,0,Top brand
Roma,0,2,0,2,2,2,2,0,2,2,1,2,2,0,2,1,2,2,2,1,1,0,1,2,0,1,2,2,0,0,2,0,0,,,,,,,3,1,1,3,2,0,,,,,1,1,0,0,0,1,1,0,0,0,0,0,0,0,0,2,0,Calcio
Tiscali,0,0,0,2,2,2,2,1,2,2,2,2,2,0,2,1,1,2,2,2,1,0,2,2,0,1,0,2,0,0,0,0,0,0,0,0,0,0,0,3,0,1,3,0,0,0,0,0,0,2,1,2,0,1,1,1,0,1,2,0,2,2,2,0,0,0,Telefonia
UBI Banca,0,2,0,2,2,2,2,1,2,2,2,2,2,0,2,1,2,2,2,0,1,1,0,2,0,1,2,2,0,0,2,2,0,2,0,0,2,0,0,3,1,1,3,0,0,0,0,0,0,2,2,2,0,0,1,1,0,1,0,0,2,2,2,2,2,2,Finanziario
Veronesi Holdings SPA,0,0,0,0,1,0,0,0,0,0,0,0,0,0,0,0,0,0,0,0,0,0,0,0,0,0,0,0,0,0,0,0,0,0,0,0,0,0,0,0,0,0,0,0,0,0,0,0,0,1,0,0,0,0,0,0,0,0,0,0,0,0,0,0,0,0,Food
Wind Tre,0,2,0,2,2,2,2,2,2,0,2,2,2,1,2,1,0,2,2,2,1,1,2,2,0,1,2,2,0,0,2,2,0,2,0,2,2,0,0,3,1,1,3,2,0,,,,,1,0,0,0,1,1,1,1,1,2,0,2,2,2,0,0,0,Telefonia
Ast,2,2,2,1,2,2,2,0,2,2,2,2,2,1,2,1,1,2,2,2,1,1,0,2,2,2,2,2,2,0,1,2,0,2,0,2,2,1,1,3,1,1,3,2,2,,,,,2,2,2,2,1,2,2,2,2,2,2,2,2,2,2,2,2,Altri settori
Edison,2,2,2,2,2,2,2,2,1,2,2,2,2,1,2,1,1,2,2,2,1,2,2,2,2,2,2,2,2,2,1,2,0,2,0,1,2,0,0,0,1,1,3,2,0,,,,,2,2,2,0,1,2,2,1,2,2,2,2,2,2,2,2,0,Energia
Falk,2,2,2,2,2,1,2,2,2,2,1,2,2,1,2,1,2,2,2,2,1,2,2,2,2,1,2,1,1,2,2,2,0,2,0,1,2,0,1,2,0,1,3,2,2,,,,,2,1,2,0,1,2,2,0,2,2,0,2,2,2,2,2,2,Energia
Fastweb,1,2,1,1,2,2,2,0,2,2,2,2,2,1,2,1,2,2,2,2,1,2,2,2,2,2,2,2,0,0,1,2,0,2,2,1,2,0,1,2,0,1,2,1,1,1,0,0,1,2,0,2,2,2,2,2,0,2,2,2,2,2,2,2,2,2,Telefonia
Generali,2,2,2,2,2,1,2,1,1,2,2,2,2,1,2,1,1,2,2,2,1,1,2,2,2,2,2,2,2,0,1,2,0,2,0,1,2,1,2,3,1,1,3,1,1,,,,,2,2,2,0,1,1,1,0,1,2,2,0,2,2,2,2,0,Finanziario
Luxotica,0,2,2,2,1,2,2,2,2,2,1,2,2,1,2,1,2,2,2,2,1,1,2,2,0,2,2,2,1,0,1,2,0,2,0,1,2,0,0,0,1,1,3,2,1,2,2,0,2,0,2,2,0,0,2,2,0,2,2,2,2,0,2,2,2,0,Fashion
Pirelli,1,2,2,2,2,1,2,2,1,1,1,2,2,1,2,1,1,2,2,2,1,2,2,2,0,1,2,2,2,2,1,2,0,2,0,0,2,0,0,1,0,0,2,1,0,,,,,2,2,2,0,0,2,2,0,1,2,2,0,0,2,2,2,2,Industria
Rina,2,2,2,2,2,1,2,2,1,2,0,2,2,1,2,1,1,2,2,2,0,0,0,2,2,1,2,2,2,2,2,2,0,2,0,1,2,0,0,3,1,1,3,2,2,,,,,0,0,2,0,0,2,2,0,2,2,0,0,0,2,2,2,0,Industria
Saes,0,2,1,1,2,0,0,0,0,2,0,2,2,1,2,1,1,2,2,1,1,0,2,2,2,1,2,2,2,0,1,2,0,2,0,1,2,0,0,0,0,0,2,2,2,0,2,0,0,2,2,2,2,2,2,0,0,0,0,2,0,0,0,0,2,0,Industria
Snam,2,2,2,2,2,2,2,2,2,2,2,2,2,1,2,1,2,2,2,2,1,2,2,2,0,2,2,1,0,2,1,2,0,2,0,1,2,0,0,3,0,0,0,2,2,,,,,2,1,2,0,2,2,2,2,2,2,2,2,2,2,2,2,2,Energia
Tim,2,2,2,2,2,2,2,2,2,2,2,2,2,1,2,1,2,2,2,2,1,2,2,2,2,2,2,2,0,0,1,2,0,2,2,2,2,1,1,3,0,1,3,2,1,,,,,2,1,2,0,1,2,2,1,2,2,2,2,2,2,2,2,2,Telefonia
Unicredit,2,2,2,2,1,2,1,2,2,2,1,2,2,1,2,1,2,2,2,2,1,1,1,2,2,2,2,1,1,0,2,2,0,2,2,2,2,0,0,3,1,1,2,2,1,2,2,2,0,1,1,2,0,1,2,2,0,2,2,2,2,0,2,2,2,0,Finanziario
Vodafone,2,2,2,2,2,1,2,2,2,2,1,2,2,1,2,1,2,2,2,2,1,2,2,2,2,2,2,2,2,2,1,2,0,2,2,2,2,2,1,3,1,1,3,2,2,,,,,2,2,2,2,2,2,2,2,2,2,2,2,2,2,2,2,2,Telefonia
